# (4,6) seed of K_36: 0-34 = Exoo K_35, +vertex 35 (red to 17)
0 2
0 6
0 7
0 9
0 11
0 13
0 15
0 17
0 18
0 20
0 21
0 23
0 24
0 26
0 28
0 32
0 35
1 3
1 4
1 5
1 9
1 11
1 13
1 15
1 17
1 18
1 21
1 22
1 23
1 25
1 27
1 29
1 33
1 35
2 4
2 5
2 8
2 10
2 12
2 14
2 16
2 19
2 20
2 21
2 22
2 25
2 27
2 28
2 32
3 6
3 7
3 8
3 10
3 12
3 14
3 16
3 19
3 20
3 22
3 23
3 24
3 26
3 29
3 33
4 7
4 8
4 10
4 11
4 13
4 17
4 19
4 20
4 22
4 24
4 26
4 31
4 34
5 6
5 8
5 9
5 11
5 14
5 17
5 19
5 21
5 23
5 24
5 26
5 30
5 34
5 35
6 9
6 10
6 11
6 12
6 16
6 18
6 21
6 23
6 25
6 27
6 31
6 34
6 35
7 8
7 9
7 10
7 15
7 16
7 18
7 20
7 22
7 25
7 27
7 30
7 34
7 35
8 9
8 12
8 15
8 17
8 23
8 24
8 27
8 29
8 31
8 32
9 13
9 14
9 16
9 22
9 25
9 26
9 29
9 31
9 32
10 11
10 13
10 14
10 18
10 21
10 25
10 26
10 28
10 30
10 33
10 35
11 12
11 15
11 19
11 20
11 24
11 27
11 28
11 30
11 33
11 35
12 13
12 15
12 17
12 18
12 20
12 22
12 25
12 31
12 33
12 35
13 14
13 16
13 19
13 21
13 23
13 24
13 31
13 33
14 15
14 17
14 18
14 20
14 22
14 24
14 30
14 32
15 16
15 19
15 21
15 23
15 25
15 30
15 32
15 35
16 19
16 21
16 24
16 27
16 29
16 32
16 34
16 35
17 18
17 20
17 25
17 26
17 29
17 32
17 34
17 35
18 22
18 24
18 27
18 28
18 33
18 34
19 23
19 25
19 26
19 28
19 33
19 34
20 23
20 27
20 29
20 30
20 31
21 22
21 26
21 29
21 30
21 31
21 35
22 26
22 28
22 30
22 31
22 35
23 27
23 28
23 30
23 31
24 26
24 27
24 32
24 33
24 34
25 26
25 27
25 32
25 33
25 34
26 28
26 29
26 35
27 28
27 29
27 35
28 29
28 31
28 34
29 30
29 34
30 34
31 34
31 35
32 33
32 35
