# (4,6)-free coloring of K_35  n=35  r=4 s=6
# red edges below => R(4,6) >= 36   (Exoo 2012, EJC 19(1) #P66, Table 1)
# automorphism group order 4, one fixed point (vertex 34)
# red edges (color one graph adjacency list from Table 1)
0 2
0 6
0 7
0 9
0 11
0 13
0 15
0 17
0 18
0 20
0 21
0 23
0 24
0 26
0 28
0 32
1 3
1 4
1 5
1 9
1 11
1 13
1 15
1 17
1 18
1 21
1 22
1 23
1 25
1 27
1 29
1 33
2 0
2 4
2 5
2 8
2 10
2 12
2 14
2 16
2 19
2 20
2 21
2 22
2 25
2 27
2 28
2 32
3 1
3 6
3 7
3 8
3 10
3 12
3 14
3 16
3 19
3 20
3 22
3 23
3 24
3 26
3 29
3 33
4 1
4 2
4 7
4 8
4 10
4 11
4 13
4 17
4 19
4 20
4 22
4 24
4 26
4 31
4 34
5 1
5 2
5 6
5 8
5 9
5 11
5 14
5 17
5 19
5 21
5 23
5 24
5 26
5 30
5 34
6 0
6 3
6 5
6 9
6 10
6 11
6 12
6 16
6 18
6 21
6 23
6 25
6 27
6 31
6 34
7 0
7 3
7 4
7 8
7 9
7 10
7 15
7 16
7 18
7 20
7 22
7 25
7 27
7 30
7 34
8 2
8 3
8 4
8 5
8 7
8 9
8 12
8 15
8 17
8 23
8 24
8 27
8 29
8 31
8 32
9 0
9 1
9 5
9 6
9 7
9 8
9 13
9 14
9 16
9 22
9 25
9 26
9 29
9 31
9 32
10 2
10 3
10 4
10 6
10 7
10 11
10 13
10 14
10 18
10 21
10 25
10 26
10 28
10 30
10 33
11 0
11 1
11 4
11 5
11 6
11 10
11 12
11 15
11 19
11 20
11 24
11 27
11 28
11 30
11 33
12 2
12 3
12 6
12 8
12 11
12 13
12 15
12 17
12 18
12 20
12 22
12 25
12 31
12 33
13 0
13 1
13 4
13 9
13 10
13 12
13 14
13 16
13 19
13 21
13 23
13 24
13 31
13 33
14 2
14 3
14 5
14 9
14 10
14 13
14 15
14 17
14 18
14 20
14 22
14 24
14 30
14 32
15 0
15 1
15 7
15 8
15 11
15 12
15 14
15 16
15 19
15 21
15 23
15 25
15 30
15 32
16 2
16 3
16 6
16 7
16 9
16 13
16 15
16 19
16 21
16 24
16 27
16 29
16 32
16 34
17 0
17 1
17 4
17 5
17 8
17 12
17 14
17 18
17 20
17 25
17 26
17 29
17 32
17 34
18 0
18 1
18 6
18 7
18 10
18 12
18 14
18 17
18 22
18 24
18 27
18 28
18 33
18 34
19 2
19 3
19 4
19 5
19 11
19 13
19 15
19 16
19 23
19 25
19 26
19 28
19 33
19 34
20 0
20 2
20 3
20 4
20 7
20 11
20 12
20 14
20 17
20 23
20 27
20 29
20 30
20 31
21 0
21 1
21 2
21 5
21 6
21 10
21 13
21 15
21 16
21 22
21 26
21 29
21 30
21 31
22 1
22 2
22 3
22 4
22 7
22 9
22 12
22 14
22 18
22 21
22 26
22 28
22 30
22 31
23 0
23 1
23 3
23 5
23 6
23 8
23 13
23 15
23 19
23 20
23 27
23 28
23 30
23 31
24 0
24 3
24 4
24 5
24 8
24 11
24 13
24 14
24 16
24 18
24 26
24 27
24 32
24 33
24 34
25 1
25 2
25 6
25 7
25 9
25 10
25 12
25 15
25 17
25 19
25 26
25 27
25 32
25 33
25 34
26 0
26 3
26 4
26 5
26 9
26 10
26 17
26 19
26 21
26 22
26 24
26 25
26 28
26 29
27 1
27 2
27 6
27 7
27 8
27 11
27 16
27 18
27 20
27 23
27 24
27 25
27 28
27 29
28 0
28 2
28 10
28 11
28 18
28 19
28 22
28 23
28 26
28 27
28 29
28 31
28 34
29 1
29 3
29 8
29 9
29 16
29 17
29 20
29 21
29 26
29 27
29 28
29 30
29 34
30 5
30 7
30 10
30 11
30 14
30 15
30 20
30 21
30 22
30 23
30 29
30 34
31 4
31 6
31 8
31 9
31 12
31 13
31 20
31 21
31 22
31 23
31 28
31 34
32 0
32 2
32 8
32 9
32 14
32 15
32 16
32 17
32 24
32 25
32 33
33 1
33 3
33 10
33 11
33 12
33 13
33 18
33 19
33 24
33 25
33 32
34 4
34 5
34 6
34 7
34 16
34 17
34 18
34 19
34 24
34 25
34 28
34 29
34 30
34 31
