# (5,5)-free coloring of K_42  n=42  r=5 s=5
# red edges below => R(5,5) >= 43   (Exoo 1989, reconstructed from scratch)
0 1
0 2
0 7
0 10
0 12
0 13
0 14
0 16
0 18
0 20
0 21
0 22
0 23
0 25
0 27
0 29
0 30
0 31
0 33
0 36
0 41
1 2
1 3
1 8
1 11
1 13
1 14
1 15
1 17
1 19
1 21
1 22
1 23
1 24
1 26
1 28
1 30
1 31
1 32
1 34
1 37
2 3
2 4
2 9
2 12
2 14
2 15
2 16
2 18
2 20
2 22
2 23
2 24
2 25
2 27
2 29
2 31
2 32
2 33
2 35
2 38
3 5
3 10
3 13
3 15
3 16
3 17
3 19
3 21
3 23
3 24
3 25
3 26
3 28
3 30
3 32
3 33
3 34
3 36
3 39
4 6
4 11
4 14
4 16
4 17
4 18
4 20
4 22
4 24
4 25
4 26
4 27
4 29
4 31
4 33
4 34
4 35
4 37
4 40
5 7
5 12
5 15
5 17
5 18
5 19
5 21
5 23
5 25
5 26
5 27
5 28
5 30
5 32
5 34
5 35
5 36
5 38
5 41
6 8
6 13
6 16
6 18
6 19
6 20
6 22
6 24
6 26
6 27
6 28
6 29
6 31
6 33
6 35
6 36
6 37
6 39
7 8
7 9
7 14
7 17
7 19
7 20
7 21
7 23
7 25
7 27
7 28
7 29
7 30
7 32
7 34
7 36
7 37
7 38
7 40
8 9
8 10
8 15
8 18
8 20
8 21
8 22
8 24
8 26
8 28
8 29
8 30
8 31
8 33
8 35
8 37
8 38
8 39
8 41
9 10
9 11
9 16
9 19
9 21
9 22
9 23
9 25
9 27
9 29
9 30
9 31
9 32
9 34
9 36
9 38
9 39
9 40
10 11
10 12
10 17
10 20
10 22
10 23
10 24
10 26
10 28
10 30
10 32
10 33
10 35
10 37
10 39
10 40
10 41
11 12
11 13
11 18
11 21
11 23
11 24
11 25
11 27
11 29
11 31
11 32
11 33
11 34
11 36
11 38
11 40
11 41
12 14
12 19
12 22
12 24
12 25
12 26
12 28
12 30
12 32
12 33
12 34
12 35
12 37
12 39
12 41
13 15
13 20
13 23
13 25
13 26
13 27
13 29
13 31
13 33
13 34
13 35
13 36
13 38
13 40
14 16
14 21
14 24
14 26
14 27
14 28
14 30
14 32
14 34
14 35
14 36
14 37
14 39
14 41
15 17
15 22
15 25
15 27
15 28
15 29
15 31
15 33
15 35
15 36
15 37
15 38
15 40
16 17
16 18
16 23
16 26
16 28
16 29
16 30
16 32
16 34
16 36
16 37
16 38
16 39
16 41
17 18
17 19
17 24
17 27
17 29
17 30
17 31
17 33
17 35
17 37
17 38
17 39
17 40
18 19
18 20
18 25
18 28
18 30
18 31
18 32
18 34
18 36
18 38
18 39
18 40
18 41
19 20
19 21
19 26
19 29
19 31
19 32
19 33
19 35
19 37
19 39
19 40
19 41
20 21
20 22
20 27
20 30
20 32
20 33
20 34
20 36
20 38
20 40
20 41
21 22
21 23
21 28
21 31
21 33
21 34
21 35
21 37
21 39
21 41
22 24
22 29
22 32
22 34
22 35
22 36
22 38
22 40
23 25
23 30
23 33
23 35
23 36
23 37
23 39
23 41
24 25
24 26
24 31
24 34
24 36
24 37
24 38
24 40
25 26
25 27
25 32
25 35
25 37
25 38
25 39
25 41
26 27
26 28
26 33
26 36
26 38
26 39
26 40
27 28
27 29
27 34
27 37
27 39
27 40
27 41
28 29
28 30
28 35
28 38
28 40
28 41
29 31
29 36
29 39
29 41
30 31
30 32
30 37
30 40
31 32
31 33
31 38
31 41
32 34
32 39
33 34
33 35
33 40
34 35
34 36
34 41
35 36
35 37
36 37
36 38
37 38
37 39
38 40
39 41
